== Pitch test report ==

Test performed on:
16:03:36 - 16/09/2015 

Freq-1	Freq-2	Result
----------------------
800.00	810.00	1
800.00	810.00	1
800.00	805.00	1
800.00	805.00	1
800.00	802.50	1
800.00	802.50	1
800.00	801.25	0
800.00	802.50	1
800.00	802.50	0
800.00	805.00	1
800.00	805.00	1
800.00	802.50	0
800.00	805.00	1
800.00	805.00	1
800.00	802.50	1
800.00	802.50	1
800.00	801.25	1
800.00	801.25	0
800.00	802.50	1
800.00	802.50	1
800.00	801.25	0
800.00	802.50	1
800.00	802.50	0
800.00	805.00	1
800.00	805.00	1

Final result 2.969 [Hz]
